GeneralizedCoordinates:
  root_pose: [0.0135554392293566, 0, 0.819715156461154, 0, 0.05, 0]
  joint_angles: [0, -0.2, 0, -0.04, -0.01, 1.57, 0.12, -1.2217007, -0.52345699, 0, 1.57, -0.12, 1.2217007, 0.52345699, 0]
