GeneralizedCoordinates:
  root_pose: [0, 0, 0]
  joint_angles: [-0.01, -0.04, 0, 0, -0.2, 1.57, 0.12, -1.2217007, -0.52345699, 0, 1.57, -0.12, 1.2217007, 0.52345699, 0]
