GeneralizedCoordinates:
  root_pose: [0, 0, 0]
  joint_angles: [-0.1975011835036236, 0.4160023626190753, 0.0, 0.0, 0.06850114982656237, 1.639454123287812, 0.12, -1.2217007, -0.52345699, 0.0, 1.639454123287804, -0.12, 1.2217007, 0.52345699, 0.0]
