MotionParameters:
  base_orientation_rpy: [0, 0, 0]
  base_com_position: [0.002531976618098, 0.0, 0.125564931735602]
  body_com_position: [-0.00402863432226587, 0.0, 0.75]
